3 0.71484375 0.3017578125 0.0556640625 0.1103515625
3 0.6572265625 0.345703125 0.0869140625 0.134765625
3 0.5693359375 0.361328125 0.0458984375 0.0986328125
3 0.2607421875 0.38671875 0.1103515625 0.060546875
3 0.90625 0.48046875 0.0888671875 0.146484375
3 0.6728515625 0.50390625 0.1630859375 0.1826171875
3 0.38671875 0.525390625 0.126953125 0.1513671875
3 0.5009765625 0.552734375 0.08203125 0.1396484375
3 0.0712890625 0.5830078125 0.08203125 0.0791015625
3 0.3330078125 0.8212890625 0.259765625 0.2958984375
