3 0.6982421875 0.71484375 0.1103515625 0.0556640625
3 0.654296875 0.6572265625 0.134765625 0.0869140625
3 0.638671875 0.5693359375 0.0986328125 0.0458984375
3 0.61328125 0.2607421875 0.060546875 0.1103515625
3 0.51953125 0.90625 0.146484375 0.0888671875
3 0.49609375 0.6728515625 0.1826171875 0.1630859375
3 0.474609375 0.38671875 0.1513671875 0.126953125
3 0.447265625 0.5009765625 0.1396484375 0.08203125
3 0.4169921875 0.0712890625 0.0791015625 0.08203125
3 0.1787109375 0.3330078125 0.2958984375 0.259765625
