3 0.0869140625 0.3056640625 0.0615234375 0.0458984375
3 0.1962890625 0.298828125 0.0771484375 0.0322265625
3 0.5849609375 0.314453125 0.0546875 0.0322265625
3 0.857421875 0.34375 0.0654296875 0.025390625
3 0.642578125 0.3818359375 0.078125 0.03515625
3 0.728515625 0.3779296875 0.05859375 0.0341796875
3 0.4970703125 0.4912109375 0.0615234375 0.0810546875
3 0.3994140625 0.5078125 0.099609375 0.080078125
3 0.3154296875 0.3486328125 0.068359375 0.06640625
3 0.2958984375 0.3740234375 0.0390625 0.0224609375
