3 0.458984375 0.3603515625 0.037109375 0.029296875
3 0.4775390625 0.369140625 0.056640625 0.0400390625
3 0.55859375 0.3779296875 0.0634765625 0.03515625
3 0.61328125 0.3837890625 0.0458984375 0.0400390625
3 0.7275390625 0.6181640625 0.0751953125 0.0927734375
3 0.6220703125 0.6552734375 0.109375 0.06640625
3 0.9169921875 0.515625 0.10546875 0.0732421875
3 0.33203125 0.794921875 0.0712890625 0.1337890625
3 0.232421875 0.828125 0.099609375 0.14453125
3 0.9814453125 0.494140625 0.0361328125 0.060546875
