3 0.0302734375 0.2119140625 0.0537109375 0.048828125
3 0.16796875 0.5966796875 0.080078125 0.0458984375
3 0.275390625 0.5693359375 0.076171875 0.04296875
3 0.3486328125 0.453125 0.0595703125 0.0390625
3 0.3994140625 0.4384765625 0.052734375 0.044921875
3 0.45703125 0.45703125 0.0703125 0.0390625
3 0.5205078125 0.447265625 0.037109375 0.04296875
3 0.658203125 0.716796875 0.1123046875 0.087890625
3 0.755859375 0.6552734375 0.08984375 0.080078125
3 0.87890625 0.5078125 0.0927734375 0.068359375
3 0.947265625 0.48828125 0.0673828125 0.056640625
