3 0.3740234375 0.537109375 0.021484375 0.029296875
3 0.3896484375 0.5966796875 0.0224609375 0.0302734375
3 0.412109375 0.5927734375 0.0126953125 0.0263671875
3 0.37109375 0.7861328125 0.0517578125 0.064453125
3 0.318359375 0.7998046875 0.0361328125 0.0634765625
3 0.3017578125 0.8505859375 0.0556640625 0.05859375
3 0.21875 0.8662109375 0.044921875 0.0703125
3 0.173828125 0.8173828125 0.0439453125 0.0546875
3 0.4423828125 0.939453125 0.0498046875 0.080078125
3 0.486328125 0.9638671875 0.033203125 0.0546875
3 0.669921875 0.9130859375 0.0498046875 0.0712890625
3 0.71484375 0.8955078125 0.0302734375 0.076171875
3 0.751953125 0.8017578125 0.0439453125 0.060546875
3 0.8056640625 0.814453125 0.0283203125 0.0654296875
3 0.8427734375 0.7421875 0.0341796875 0.0517578125
3 0.564453125 0.64453125 0.02734375 0.037109375
