3 0.26171875 0.677734375 0.0673828125 0.029296875
3 0.259765625 0.9169921875 0.07421875 0.029296875
3 0.2568359375 0.7490234375 0.0625 0.04296875
3 0.2509765625 0.318359375 0.0693359375 0.041015625
3 0.2353515625 0.275390625 0.091796875 0.033203125
3 0.2119140625 0.0771484375 0.07421875 0.0380859375
3 0.197265625 0.7646484375 0.04296875 0.0888671875
3 0.1630859375 0.4677734375 0.0693359375 0.0673828125
3 0.140625 0.345703125 0.09375 0.0576171875
3 0.1337890625 0.806640625 0.05078125 0.0888671875
3 0.072265625 0.4931640625 0.064453125 0.0771484375
3 0.072265625 0.23046875 0.0986328125 0.0576171875
3 0.06640625 0.1806640625 0.08203125 0.0478515625
3 0.0517578125 0.6455078125 0.072265625 0.08203125
