0 0.243397 0.525868 0.169818 0.496612
0 0.057180 0.582314 0.113957 0.421186
0 0.555861 0.495992 0.121977 0.359101
0 0.869699 0.524470 0.158687 0.473057
0 0.230750 0.945901 0.058341 0.108198
0 0.398964 0.513167 0.142201 0.426365
0 0.706770 0.492250 0.096004 0.334707
0 0.404699 0.971161 0.078297 0.057679
0 0.626052 0.454150 0.084585 0.265671
0 0.961216 0.600124 0.077016 0.555390
0 0.456740 0.481763 0.085922 0.346106
0 0.508419 0.479424 0.053293 0.304716
0 0.765590 0.460792 0.072832 0.278100
0 0.616297 0.453660 0.058719 0.265640
0 0.292832 0.969973 0.067758 0.060055
0 0.852826 0.951157 0.114465 0.097686
