0 0.562074 0.652949 0.083380 0.302155
0 0.461921 0.646494 0.104164 0.275288
0 0.886435 0.552821 0.060722 0.200236
0 0.624153 0.631999 0.083743 0.281606
0 0.125728 0.699981 0.081056 0.238568
0 0.763355 0.569299 0.070468 0.197347
0 0.695151 0.608228 0.072438 0.230251
0 0.063560 0.625831 0.051682 0.189325
0 0.364340 0.643621 0.044591 0.178851
0 0.015395 0.619579 0.030727 0.174211
0 0.165780 0.627997 0.054455 0.148647
0 0.519928 0.637970 0.054626 0.268341
0 0.396493 0.662475 0.050007 0.205609
0 0.128442 0.924795 0.088348 0.150410
0 0.223365 0.610724 0.070723 0.170713
