0 0.336429 0.576379 0.139227 0.370989
0 0.894526 0.558320 0.117002 0.307159
0 0.101433 0.563468 0.125331 0.379364
0 0.606013 0.575611 0.116518 0.370640
0 0.210079 0.597672 0.110512 0.433445
0 0.465258 0.583147 0.118557 0.386198
0 0.767119 0.532301 0.085252 0.266782
0 0.702583 0.571951 0.099281 0.334748
0 0.597173 0.944127 0.067631 0.111746
0 0.475430 0.944489 0.076549 0.111021
0 0.272134 0.519321 0.064092 0.217992
0 0.534849 0.533295 0.068580 0.250768
0 0.817379 0.486539 0.043068 0.158728
0 0.037254 0.509710 0.045041 0.174880
