0 0.200713 0.558047 0.203522 0.513943
0 0.390696 0.549739 0.188707 0.546500
0 0.484044 0.519821 0.127882 0.494132
0 0.877973 0.550480 0.203570 0.525307
0 0.091689 0.505277 0.137305 0.460355
0 0.630611 0.550686 0.203387 0.547902
0 0.739469 0.539278 0.105792 0.407916
0 0.412173 0.948419 0.060225 0.102262
0 0.965004 0.471128 0.069454 0.327798
0 0.733328 0.981400 0.034128 0.036522
0 0.882939 0.947737 0.088550 0.103536
0 0.670786 0.949749 0.061918 0.100012
0 0.024369 0.544442 0.047971 0.392210
0 0.808536 0.474167 0.088647 0.376263
0 0.809815 0.370249 0.087603 0.171552
0 0.022092 0.647142 0.044185 0.581424
