0 0.058297 0.541093 0.116463 0.441210
0 0.938091 0.559668 0.123511 0.490849
0 0.620695 0.476221 0.129963 0.435659
0 0.803381 0.593969 0.185497 0.461378
0 0.178701 0.503921 0.142560 0.438247
0 0.311244 0.512657 0.113636 0.436324
0 0.505075 0.514795 0.125387 0.427874
0 0.378095 0.488388 0.105268 0.425256
0 0.436515 0.395185 0.100447 0.317737
0 0.767024 0.445149 0.146779 0.378662
0 0.862632 0.298280 0.119539 0.138716
0 0.860309 0.367169 0.088010 0.157380
0 0.679773 0.444529 0.084034 0.380753
0 0.238649 0.459553 0.071702 0.430725
