1 0.0830078125 0.19921875 0.0732421875 0.13671875
1 0.2880859375 0.375 0.0966796875 0.1611328125
1 0.2666015625 0.1044921875 0.0732421875 0.119140625
1 0.4853515625 0.1162109375 0.1064453125 0.130859375
1 0.513671875 0.30078125 0.0869140625 0.1728515625
1 0.6728515625 0.1220703125 0.08984375 0.1669921875
1 0.7666015625 0.119140625 0.0830078125 0.2080078125
1 0.896484375 0.1513671875 0.06640625 0.2021484375
1 0.6533203125 0.38671875 0.0966796875 0.232421875
1 0.9345703125 0.5595703125 0.11328125 0.232421875
1 0.5849609375 0.7890625 0.0966796875 0.2021484375
1 0.513671875 0.625 0.103515625 0.232421875
1 0.3818359375 0.875 0.0703125 0.25
1 0.134765625 0.7236328125 0.0634765625 0.1845703125
1 0.0517578125 0.841796875 0.080078125 0.244140625
1 0.1884765625 0.630859375 0.0966796875 0.1728515625
