3 0.5341796875 0.361328125 0.037109375 0.02734375
3 0.6064453125 0.3720703125 0.025390625 0.0146484375
3 0.5771484375 0.37109375 0.0390625 0.0185546875
3 0.6474609375 0.494140625 0.0712890625 0.0341796875
3 0.7978515625 0.5771484375 0.0869140625 0.0322265625
3 0.705078125 0.5986328125 0.1103515625 0.0517578125
3 0.4443359375 0.517578125 0.083984375 0.0283203125
3 0.4873046875 0.505859375 0.0341796875 0.0234375
3 0.20703125 0.5498046875 0.0888671875 0.037109375
3 0.03515625 0.5400390625 0.0703125 0.041015625
3 0.2822265625 0.724609375 0.0947265625 0.068359375
3 0.3955078125 0.7587890625 0.1650390625 0.0576171875