3 0.01953125 0.6103515625 0.029296875 0.04296875
3 0.28515625 0.712890625 0.0458984375 0.0595703125
3 0.25390625 0.6923828125 0.0283203125 0.052734375
3 0.2353515625 0.673828125 0.03515625 0.0419921875
3 0.2158203125 0.6669921875 0.0126953125 0.0478515625
3 0.3828125 0.5986328125 0.029296875 0.0419921875
3 0.4091796875 0.60546875 0.025390625 0.041015625
3 0.4384765625 0.619140625 0.02734375 0.037109375
3 0.466796875 0.623046875 0.0185546875 0.033203125
3 0.4853515625 0.6298828125 0.03515625 0.037109375
3 0.5078125 0.6328125 0.025390625 0.0439453125
3 0.7080078125 0.794921875 0.037109375 0.0751953125
3 0.6748046875 0.7685546875 0.0439453125 0.0478515625
3 0.7509765625 0.7119140625 0.0361328125 0.0576171875
3 0.5185546875 0.6416015625 0.0341796875 0.0419921875
3 0.53515625 0.6533203125 0.0283203125 0.046875
3 0.5546875 0.6708984375 0.037109375 0.0546875
3 0.58203125 0.6806640625 0.03515625 0.0556640625
3 0.6123046875 0.708984375 0.052734375 0.0556640625
3 0.6455078125 0.736328125 0.048828125 0.0546875