3 0.16796875 0.9375 0.080078125 0.1025390625
3 0.3232421875 0.6220703125 0.0205078125 0.048828125
3 0.333984375 0.638671875 0.0361328125 0.0537109375
3 0.3564453125 0.646484375 0.037109375 0.0517578125
3 0.3779296875 0.6513671875 0.03125 0.056640625
3 0.390625 0.67578125 0.0341796875 0.044921875
3 0.4130859375 0.6904296875 0.03515625 0.0703125
3 0.4345703125 0.7119140625 0.037109375 0.05078125
3 0.4677734375 0.7373046875 0.0458984375 0.037109375
3 0.5 0.7587890625 0.0498046875 0.0400390625
3 0.5361328125 0.783203125 0.0390625 0.05078125
3 0.5732421875 0.787109375 0.05078125 0.072265625
3 0.603515625 0.8251953125 0.04296875 0.09375
3 0.6708984375 0.8544921875 0.0458984375 0.0751953125
3 0.701171875 0.8837890625 0.0419921875 0.0859375
3 0.7529296875 0.9482421875 0.0791015625 0.1015625
3 0.822265625 0.96484375 0.0341796875 0.0537109375
3 0.8818359375 0.8515625 0.0537109375 0.0478515625
3 0.6337890625 0.7021484375 0.0322265625 0.044921875