0 0.058565 0.541134 0.117055 0.442023
0 0.620645 0.475721 0.132515 0.441161
0 0.938971 0.559900 0.121746 0.488945
0 0.177015 0.505761 0.140581 0.445978
0 0.804467 0.593637 0.186485 0.462354
0 0.312007 0.512883 0.114880 0.434844
0 0.503590 0.515517 0.122894 0.423517
0 0.378123 0.489415 0.105818 0.431966
0 0.438110 0.395192 0.100907 0.314511
0 0.863160 0.295917 0.117422 0.136440
0 0.109243 0.206092 0.036049 0.122126
0 0.860651 0.369401 0.089486 0.162219
0 0.755314 0.458069 0.176813 0.407874
0 0.238563 0.455139 0.071873 0.419783
