0 0.627658 0.519258 0.131206 0.427361
0 0.839975 0.506490 0.163411 0.460736
0 0.146507 0.518583 0.174751 0.514142
0 0.319554 0.527758 0.177516 0.512557
0 0.463963 0.514389 0.140861 0.450227
0 0.715063 0.487996 0.120720 0.426818
0 0.025254 0.489233 0.050507 0.323510
0 0.868519 0.965635 0.054290 0.068730
0 0.632967 0.968036 0.037787 0.063928
0 0.065038 0.491471 0.074209 0.346702
0 0.591786 0.967205 0.041173 0.065590
0 0.801992 0.967078 0.055997 0.065845
0 0.232299 0.456062 0.068403 0.291784
0 0.438092 0.962597 0.042768 0.074806
