0 0.058306 0.587058 0.116613 0.433166
0 0.846174 0.601518 0.112108 0.390622
0 0.587206 0.578641 0.123781 0.358763
0 0.424975 0.578169 0.134356 0.371721
0 0.189003 0.580805 0.125861 0.389030
0 0.330680 0.556786 0.086535 0.287366
0 0.743048 0.584864 0.093598 0.304878
0 0.653417 0.569573 0.076544 0.306781
0 0.263706 0.554025 0.062398 0.258909
0 0.516127 0.553339 0.078716 0.297965
0 0.430247 0.951203 0.075370 0.097594
0 0.231449 0.945181 0.039742 0.109638
0 0.560986 0.953495 0.040823 0.093010
0 0.835528 0.935414 0.069430 0.129172
0 0.981594 0.550769 0.036408 0.174320
0 0.606396 0.955263 0.035000 0.089475
0 0.938188 0.543166 0.064645 0.177237
0 0.767714 0.961480 0.040668 0.077040
0 0.181745 0.952985 0.045359 0.094030
0 0.714805 0.971645 0.033841 0.056635
