0 0.567077 0.505079 0.148808 0.475823
0 0.914732 0.482624 0.166572 0.486433
0 0.759499 0.509937 0.151947 0.506458
0 0.419780 0.513667 0.171735 0.590139
0 0.173029 0.490684 0.153307 0.465291
0 0.082462 0.468616 0.103182 0.351395
0 0.669369 0.465235 0.100304 0.327311
0 0.306876 0.490236 0.100961 0.394788
0 0.384263 0.921043 0.056914 0.156815
0 0.158407 0.964626 0.063256 0.070148
0 0.451463 0.926205 0.057443 0.146611
0 0.717171 0.962367 0.055770 0.074496
0 0.017045 0.468922 0.033967 0.291415
0 0.233689 0.986120 0.033529 0.027057
