0 0.495416 0.584891 0.105517 0.326156
0 0.682616 0.602778 0.115200 0.353500
0 0.039093 0.606353 0.078186 0.339977
0 0.632087 0.601797 0.077730 0.277790
0 0.310491 0.699889 0.124308 0.600222
0 0.892376 0.590376 0.081465 0.265760
0 0.946641 0.615909 0.072099 0.280493
0 0.399367 0.545831 0.065132 0.141697
0 0.236955 0.526044 0.045713 0.112305
0 0.594317 0.531056 0.047675 0.133190
0 0.860274 0.567608 0.051153 0.214530
0 0.101302 0.618581 0.092753 0.394507
0 0.106882 0.710985 0.101178 0.576577
0 0.179939 0.521144 0.031798 0.103293
